Port monitor named: Port1_e1[1.5].prt

nx        = 17
ny        = 17
nz        = 4

nu        = 15
nv        = 15
iu        = 2
iv        = 2

idir      = 2
dcut      = -9.000000e-003
icut      = 2
type      = 0
frequency = 1.500000e+009

fcutoff   = 0.000000e+000
alpha     = 0.000000e+000
beta      = 3.149258e+001
accuracy  = 3.894463e-012

type          = TEM
wave imp.     = 3.753749e+002
wave imp.sig. = 8.446770e+000
line imp.     = 6.967845e+001

ref. port     = 0

0.000000e+000  0.000000e+000  0.000000e+000  0.000000e+000  0.000000e+000  0.000000e+000  0.000000e+000  0.000000e+000  0.000000e+000  0.000000e+000  0.000000e+000  0.000000e+000  0.000000e+000  0.000000e+000  0.000000e+000  
0.000000e+000  0.000000e+000  -4.707671e+003  -4.183655e+003  -3.445876e+003  -2.264033e+003  -7.973259e+002  7.977943e+002  2.264463e+003  3.446146e+003  4.183520e+003  4.706720e+003  0.000000e+000  0.000000e+000  0.000000e+000  
0.000000e+000  -5.683689e+003  -5.683688e+003  -5.357965e+003  -4.579090e+003  -3.153445e+003  -1.138124e+003  1.138893e+003  3.154327e+003  4.580076e+003  5.358819e+003  5.683675e+003  5.680564e+003  0.000000e+000  0.000000e+000  
0.000000e+000  -6.659708e+003  -6.985428e+003  -6.985427e+003  -6.359073e+003  -4.632534e+003  -1.740617e+003  1.741574e+003  4.633878e+003  6.361011e+003  6.988004e+003  6.988598e+003  6.662075e+003  0.000000e+000  0.000000e+000  
0.000000e+000  -7.834018e+003  -8.612890e+003  -9.239242e+003  -9.239241e+003  -7.277001e+003  -2.933385e+003  2.934141e+003  7.278602e+003  9.242085e+003  9.243590e+003  8.620637e+003  7.852482e+003  0.000000e+000  0.000000e+000  
-7.194471e+003  -8.967231e+003  -1.039287e+004  -1.211941e+004  -1.408165e+004  -1.408165e+004  0.000000e+000  0.000000e+000  1.408399e+004  1.408514e+004  1.212364e+004  1.039788e+004  8.972017e+003  7.183769e+003  0.000000e+000  
-7.656583e+003  -9.856642e+003  -1.187196e+004  -1.476388e+004  -1.910749e+004  0.000000e+000  0.000000e+000  0.000000e+000  0.000000e+000  1.911216e+004  1.476794e+004  1.187523e+004  9.857856e+003  7.650428e+003  0.000000e+000  
-7.804762e+003  -1.019744e+004  -1.247445e+004  -1.595664e+004  -2.182417e+004  0.000000e+000  0.000000e+000  0.000000e+000  0.000000e+000  2.182959e+004  1.596072e+004  1.247723e+004  1.019794e+004  7.799730e+003  0.000000e+000  
-7.656341e+003  -9.856341e+003  -1.187177e+004  -1.476408e+004  -1.910854e+004  0.000000e+000  0.000000e+000  0.000000e+000  0.000000e+000  1.911320e+004  1.476814e+004  1.187504e+004  9.857555e+003  7.650186e+003  0.000000e+000  
-7.193957e+003  -8.966478e+003  -1.039222e+004  -1.211935e+004  -1.408284e+004  -1.408399e+004  0.000000e+000  0.000000e+000  1.408632e+004  1.408632e+004  1.212358e+004  1.039723e+004  8.971263e+003  7.183256e+003  0.000000e+000  
0.000000e+000  -7.832549e+003  -8.611289e+003  -9.238280e+003  -9.239783e+003  -7.278280e+003  -2.934056e+003  2.934812e+003  7.279880e+003  9.242627e+003  9.242628e+003  8.619035e+003  7.851011e+003  0.000000e+000  0.000000e+000  
0.000000e+000  -6.657251e+003  -6.982104e+003  -6.982694e+003  -6.359738e+003  -4.633980e+003  -1.741268e+003  1.742224e+003  4.635323e+003  6.361676e+003  6.985272e+003  6.985273e+003  6.659618e+003  0.000000e+000  0.000000e+000  
0.000000e+000  -5.680294e+003  -5.677182e+003  -5.350655e+003  -4.582497e+003  -3.156632e+003  -1.139261e+003  1.140029e+003  3.157514e+003  4.583482e+003  5.351510e+003  5.677169e+003  5.677170e+003  0.000000e+000  0.000000e+000  
0.000000e+000  0.000000e+000  -4.695673e+003  -4.160249e+003  -3.462961e+003  -2.270792e+003  -7.991718e+002  7.996394e+002  2.271220e+003  3.463229e+003  4.160118e+003  4.694724e+003  0.000000e+000  0.000000e+000  0.000000e+000  
0.000000e+000  0.000000e+000  0.000000e+000  0.000000e+000  0.000000e+000  0.000000e+000  0.000000e+000  0.000000e+000  0.000000e+000  0.000000e+000  0.000000e+000  0.000000e+000  0.000000e+000  0.000000e+000  0.000000e+000  

0.000000e+000  0.000000e+000  0.000000e+000  0.000000e+000  0.000000e+000  -7.194471e+003  -7.656583e+003  -7.804762e+003  -7.656341e+003  -7.193957e+003  0.000000e+000  0.000000e+000  0.000000e+000  0.000000e+000  0.000000e+000  
0.000000e+000  0.000000e+000  -5.683689e+003  -6.659708e+003  -7.834018e+003  -8.967231e+003  -9.856642e+003  -1.019744e+004  -9.856341e+003  -8.966478e+003  -7.832549e+003  -6.657251e+003  -5.680294e+003  0.000000e+000  0.000000e+000  
0.000000e+000  -4.707671e+003  -5.683688e+003  -6.985428e+003  -8.612890e+003  -1.039287e+004  -1.187196e+004  -1.247445e+004  -1.187177e+004  -1.039222e+004  -8.611289e+003  -6.982104e+003  -5.677182e+003  -4.695673e+003  0.000000e+000  
0.000000e+000  -4.183655e+003  -5.357965e+003  -6.985427e+003  -9.239242e+003  -1.211941e+004  -1.476388e+004  -1.595664e+004  -1.476408e+004  -1.211935e+004  -9.238280e+003  -6.982694e+003  -5.350655e+003  -4.160249e+003  0.000000e+000  
0.000000e+000  -3.445876e+003  -4.579090e+003  -6.359073e+003  -9.239241e+003  -1.408165e+004  -1.910749e+004  -2.182417e+004  -1.910854e+004  -1.408284e+004  -9.239783e+003  -6.359738e+003  -4.582497e+003  -3.462961e+003  0.000000e+000  
0.000000e+000  -2.264033e+003  -3.153445e+003  -4.632534e+003  -7.277001e+003  -1.408165e+004  0.000000e+000  0.000000e+000  0.000000e+000  -1.408399e+004  -7.278280e+003  -4.633980e+003  -3.156632e+003  -2.270792e+003  0.000000e+000  
0.000000e+000  -7.973259e+002  -1.138124e+003  -1.740617e+003  -2.933385e+003  0.000000e+000  0.000000e+000  0.000000e+000  0.000000e+000  0.000000e+000  -2.934056e+003  -1.741268e+003  -1.139261e+003  -7.991718e+002  0.000000e+000  
0.000000e+000  7.977943e+002  1.138893e+003  1.741574e+003  2.934141e+003  0.000000e+000  0.000000e+000  0.000000e+000  0.000000e+000  0.000000e+000  2.934812e+003  1.742224e+003  1.140029e+003  7.996394e+002  0.000000e+000  
0.000000e+000  2.264463e+003  3.154327e+003  4.633878e+003  7.278602e+003  1.408399e+004  0.000000e+000  0.000000e+000  0.000000e+000  1.408632e+004  7.279880e+003  4.635323e+003  3.157514e+003  2.271220e+003  0.000000e+000  
0.000000e+000  3.446146e+003  4.580076e+003  6.361011e+003  9.242085e+003  1.408514e+004  1.911216e+004  2.182959e+004  1.911320e+004  1.408632e+004  9.242627e+003  6.361676e+003  4.583482e+003  3.463229e+003  0.000000e+000  
0.000000e+000  4.183520e+003  5.358819e+003  6.988004e+003  9.243590e+003  1.212364e+004  1.476794e+004  1.596072e+004  1.476814e+004  1.212358e+004  9.242628e+003  6.985272e+003  5.351510e+003  4.160118e+003  0.000000e+000  
0.000000e+000  4.706720e+003  5.683675e+003  6.988598e+003  8.620637e+003  1.039788e+004  1.187523e+004  1.247723e+004  1.187504e+004  1.039723e+004  8.619035e+003  6.985273e+003  5.677169e+003  4.694723e+003  0.000000e+000  
0.000000e+000  0.000000e+000  5.680564e+003  6.662075e+003  7.852482e+003  8.972017e+003  9.857856e+003  1.019794e+004  9.857555e+003  8.971263e+003  7.851011e+003  6.659618e+003  5.677170e+003  0.000000e+000  0.000000e+000  
0.000000e+000  0.000000e+000  0.000000e+000  0.000000e+000  0.000000e+000  7.183769e+003  7.650428e+003  7.799730e+003  7.650186e+003  7.183256e+003  0.000000e+000  0.000000e+000  0.000000e+000  0.000000e+000  0.000000e+000  
0.000000e+000  0.000000e+000  0.000000e+000  0.000000e+000  0.000000e+000  0.000000e+000  0.000000e+000  0.000000e+000  0.000000e+000  0.000000e+000  0.000000e+000  0.000000e+000  0.000000e+000  0.000000e+000  0.000000e+000  

0.000000e+000  0.000000e+000  0.000000e+000  0.000000e+000  0.000000e+000  0.000000e+000  0.000000e+000  0.000000e+000  0.000000e+000  0.000000e+000  0.000000e+000  0.000000e+000  0.000000e+000  0.000000e+000  0.000000e+000  
0.000000e+000  0.000000e+000  0.000000e+000  0.000000e+000  0.000000e+000  0.000000e+000  0.000000e+000  0.000000e+000  0.000000e+000  0.000000e+000  0.000000e+000  0.000000e+000  0.000000e+000  0.000000e+000  0.000000e+000  
0.000000e+000  0.000000e+000  0.000000e+000  0.000000e+000  0.000000e+000  0.000000e+000  0.000000e+000  0.000000e+000  0.000000e+000  0.000000e+000  0.000000e+000  0.000000e+000  0.000000e+000  0.000000e+000  0.000000e+000  
0.000000e+000  0.000000e+000  0.000000e+000  0.000000e+000  0.000000e+000  0.000000e+000  0.000000e+000  0.000000e+000  0.000000e+000  0.000000e+000  0.000000e+000  0.000000e+000  0.000000e+000  0.000000e+000  0.000000e+000  
0.000000e+000  0.000000e+000  0.000000e+000  0.000000e+000  0.000000e+000  0.000000e+000  0.000000e+000  0.000000e+000  0.000000e+000  0.000000e+000  0.000000e+000  0.000000e+000  0.000000e+000  0.000000e+000  0.000000e+000  
0.000000e+000  0.000000e+000  0.000000e+000  0.000000e+000  0.000000e+000  0.000000e+000  0.000000e+000  0.000000e+000  0.000000e+000  0.000000e+000  0.000000e+000  0.000000e+000  0.000000e+000  0.000000e+000  0.000000e+000  
0.000000e+000  0.000000e+000  0.000000e+000  0.000000e+000  0.000000e+000  0.000000e+000  0.000000e+000  0.000000e+000  0.000000e+000  0.000000e+000  0.000000e+000  0.000000e+000  0.000000e+000  0.000000e+000  0.000000e+000  
0.000000e+000  0.000000e+000  0.000000e+000  0.000000e+000  0.000000e+000  0.000000e+000  0.000000e+000  0.000000e+000  0.000000e+000  0.000000e+000  0.000000e+000  0.000000e+000  0.000000e+000  0.000000e+000  0.000000e+000  
0.000000e+000  0.000000e+000  0.000000e+000  0.000000e+000  0.000000e+000  0.000000e+000  0.000000e+000  0.000000e+000  0.000000e+000  0.000000e+000  0.000000e+000  0.000000e+000  0.000000e+000  0.000000e+000  0.000000e+000  
0.000000e+000  0.000000e+000  0.000000e+000  0.000000e+000  0.000000e+000  0.000000e+000  0.000000e+000  0.000000e+000  0.000000e+000  0.000000e+000  0.000000e+000  0.000000e+000  0.000000e+000  0.000000e+000  0.000000e+000  
0.000000e+000  0.000000e+000  0.000000e+000  0.000000e+000  0.000000e+000  0.000000e+000  0.000000e+000  0.000000e+000  0.000000e+000  0.000000e+000  0.000000e+000  0.000000e+000  0.000000e+000  0.000000e+000  0.000000e+000  
0.000000e+000  0.000000e+000  0.000000e+000  0.000000e+000  0.000000e+000  0.000000e+000  0.000000e+000  0.000000e+000  0.000000e+000  0.000000e+000  0.000000e+000  0.000000e+000  0.000000e+000  0.000000e+000  0.000000e+000  
0.000000e+000  0.000000e+000  0.000000e+000  0.000000e+000  0.000000e+000  0.000000e+000  0.000000e+000  0.000000e+000  0.000000e+000  0.000000e+000  0.000000e+000  0.000000e+000  0.000000e+000  0.000000e+000  0.000000e+000  
0.000000e+000  0.000000e+000  0.000000e+000  0.000000e+000  0.000000e+000  0.000000e+000  0.000000e+000  0.000000e+000  0.000000e+000  0.000000e+000  0.000000e+000  0.000000e+000  0.000000e+000  0.000000e+000  0.000000e+000  
0.000000e+000  0.000000e+000  0.000000e+000  0.000000e+000  0.000000e+000  0.000000e+000  0.000000e+000  0.000000e+000  0.000000e+000  0.000000e+000  0.000000e+000  0.000000e+000  0.000000e+000  0.000000e+000  0.000000e+000  

0.000000e+000  0.000000e+000  0.000000e+000  0.000000e+000  0.000000e+000  0.000000e+000  0.000000e+000  0.000000e+000  0.000000e+000  0.000000e+000  0.000000e+000  0.000000e+000  0.000000e+000  0.000000e+000  0.000000e+000  
0.000000e+000  0.000000e+000  0.000000e+000  0.000000e+000  0.000000e+000  0.000000e+000  0.000000e+000  0.000000e+000  0.000000e+000  0.000000e+000  0.000000e+000  0.000000e+000  0.000000e+000  0.000000e+000  0.000000e+000  
0.000000e+000  0.000000e+000  0.000000e+000  0.000000e+000  0.000000e+000  0.000000e+000  0.000000e+000  0.000000e+000  0.000000e+000  0.000000e+000  0.000000e+000  0.000000e+000  0.000000e+000  0.000000e+000  0.000000e+000  
0.000000e+000  0.000000e+000  0.000000e+000  0.000000e+000  0.000000e+000  0.000000e+000  0.000000e+000  0.000000e+000  0.000000e+000  0.000000e+000  0.000000e+000  0.000000e+000  0.000000e+000  0.000000e+000  0.000000e+000  
0.000000e+000  0.000000e+000  0.000000e+000  0.000000e+000  0.000000e+000  0.000000e+000  0.000000e+000  0.000000e+000  0.000000e+000  0.000000e+000  0.000000e+000  0.000000e+000  0.000000e+000  0.000000e+000  0.000000e+000  
0.000000e+000  0.000000e+000  0.000000e+000  0.000000e+000  0.000000e+000  0.000000e+000  0.000000e+000  0.000000e+000  0.000000e+000  0.000000e+000  0.000000e+000  0.000000e+000  0.000000e+000  0.000000e+000  0.000000e+000  
0.000000e+000  0.000000e+000  0.000000e+000  0.000000e+000  0.000000e+000  0.000000e+000  0.000000e+000  0.000000e+000  0.000000e+000  0.000000e+000  0.000000e+000  0.000000e+000  0.000000e+000  0.000000e+000  0.000000e+000  
0.000000e+000  0.000000e+000  0.000000e+000  0.000000e+000  0.000000e+000  0.000000e+000  0.000000e+000  0.000000e+000  0.000000e+000  0.000000e+000  0.000000e+000  0.000000e+000  0.000000e+000  0.000000e+000  0.000000e+000  
0.000000e+000  0.000000e+000  0.000000e+000  0.000000e+000  0.000000e+000  0.000000e+000  0.000000e+000  0.000000e+000  0.000000e+000  0.000000e+000  0.000000e+000  0.000000e+000  0.000000e+000  0.000000e+000  0.000000e+000  
0.000000e+000  0.000000e+000  0.000000e+000  0.000000e+000  0.000000e+000  0.000000e+000  0.000000e+000  0.000000e+000  0.000000e+000  0.000000e+000  0.000000e+000  0.000000e+000  0.000000e+000  0.000000e+000  0.000000e+000  
0.000000e+000  0.000000e+000  0.000000e+000  0.000000e+000  0.000000e+000  0.000000e+000  0.000000e+000  0.000000e+000  0.000000e+000  0.000000e+000  0.000000e+000  0.000000e+000  0.000000e+000  0.000000e+000  0.000000e+000  
0.000000e+000  0.000000e+000  0.000000e+000  0.000000e+000  0.000000e+000  0.000000e+000  0.000000e+000  0.000000e+000  0.000000e+000  0.000000e+000  0.000000e+000  0.000000e+000  0.000000e+000  0.000000e+000  0.000000e+000  
0.000000e+000  0.000000e+000  0.000000e+000  0.000000e+000  0.000000e+000  0.000000e+000  0.000000e+000  0.000000e+000  0.000000e+000  0.000000e+000  0.000000e+000  0.000000e+000  0.000000e+000  0.000000e+000  0.000000e+000  
0.000000e+000  0.000000e+000  0.000000e+000  0.000000e+000  0.000000e+000  0.000000e+000  0.000000e+000  0.000000e+000  0.000000e+000  0.000000e+000  0.000000e+000  0.000000e+000  0.000000e+000  0.000000e+000  0.000000e+000  
0.000000e+000  0.000000e+000  0.000000e+000  0.000000e+000  0.000000e+000  0.000000e+000  0.000000e+000  0.000000e+000  0.000000e+000  0.000000e+000  0.000000e+000  0.000000e+000  0.000000e+000  0.000000e+000  0.000000e+000  

0.000000e+000  0.000000e+000  0.000000e+000  0.000000e+000  0.000000e+000  0.000000e+000  0.000000e+000  0.000000e+000  0.000000e+000  0.000000e+000  0.000000e+000  0.000000e+000  0.000000e+000  0.000000e+000  0.000000e+000  
0.000000e+000  0.000000e+000  0.000000e+000  0.000000e+000  0.000000e+000  0.000000e+000  0.000000e+000  0.000000e+000  0.000000e+000  0.000000e+000  0.000000e+000  0.000000e+000  0.000000e+000  0.000000e+000  0.000000e+000  
0.000000e+000  0.000000e+000  0.000000e+000  0.000000e+000  0.000000e+000  0.000000e+000  0.000000e+000  0.000000e+000  0.000000e+000  0.000000e+000  0.000000e+000  0.000000e+000  0.000000e+000  0.000000e+000  0.000000e+000  
0.000000e+000  0.000000e+000  0.000000e+000  0.000000e+000  0.000000e+000  0.000000e+000  0.000000e+000  0.000000e+000  0.000000e+000  0.000000e+000  0.000000e+000  0.000000e+000  0.000000e+000  0.000000e+000  0.000000e+000  
0.000000e+000  0.000000e+000  0.000000e+000  0.000000e+000  0.000000e+000  0.000000e+000  0.000000e+000  0.000000e+000  0.000000e+000  0.000000e+000  0.000000e+000  0.000000e+000  0.000000e+000  0.000000e+000  0.000000e+000  
0.000000e+000  0.000000e+000  0.000000e+000  0.000000e+000  0.000000e+000  0.000000e+000  0.000000e+000  0.000000e+000  0.000000e+000  0.000000e+000  0.000000e+000  0.000000e+000  0.000000e+000  0.000000e+000  0.000000e+000  
0.000000e+000  0.000000e+000  0.000000e+000  0.000000e+000  0.000000e+000  0.000000e+000  0.000000e+000  0.000000e+000  0.000000e+000  0.000000e+000  0.000000e+000  0.000000e+000  0.000000e+000  0.000000e+000  0.000000e+000  
0.000000e+000  0.000000e+000  0.000000e+000  0.000000e+000  0.000000e+000  0.000000e+000  0.000000e+000  0.000000e+000  0.000000e+000  0.000000e+000  0.000000e+000  0.000000e+000  0.000000e+000  0.000000e+000  0.000000e+000  
0.000000e+000  0.000000e+000  0.000000e+000  0.000000e+000  0.000000e+000  0.000000e+000  0.000000e+000  0.000000e+000  0.000000e+000  0.000000e+000  0.000000e+000  0.000000e+000  0.000000e+000  0.000000e+000  0.000000e+000  
0.000000e+000  0.000000e+000  0.000000e+000  0.000000e+000  0.000000e+000  0.000000e+000  0.000000e+000  0.000000e+000  0.000000e+000  0.000000e+000  0.000000e+000  0.000000e+000  0.000000e+000  0.000000e+000  0.000000e+000  
0.000000e+000  0.000000e+000  0.000000e+000  0.000000e+000  0.000000e+000  0.000000e+000  0.000000e+000  0.000000e+000  0.000000e+000  0.000000e+000  0.000000e+000  0.000000e+000  0.000000e+000  0.000000e+000  0.000000e+000  
0.000000e+000  0.000000e+000  0.000000e+000  0.000000e+000  0.000000e+000  0.000000e+000  0.000000e+000  0.000000e+000  0.000000e+000  0.000000e+000  0.000000e+000  0.000000e+000  0.000000e+000  0.000000e+000  0.000000e+000  
0.000000e+000  0.000000e+000  0.000000e+000  0.000000e+000  0.000000e+000  0.000000e+000  0.000000e+000  0.000000e+000  0.000000e+000  0.000000e+000  0.000000e+000  0.000000e+000  0.000000e+000  0.000000e+000  0.000000e+000  
0.000000e+000  0.000000e+000  0.000000e+000  0.000000e+000  0.000000e+000  0.000000e+000  0.000000e+000  0.000000e+000  0.000000e+000  0.000000e+000  0.000000e+000  0.000000e+000  0.000000e+000  0.000000e+000  0.000000e+000  
0.000000e+000  0.000000e+000  0.000000e+000  0.000000e+000  0.000000e+000  0.000000e+000  0.000000e+000  0.000000e+000  0.000000e+000  0.000000e+000  0.000000e+000  0.000000e+000  0.000000e+000  0.000000e+000  0.000000e+000  

0.000000e+000  0.000000e+000  0.000000e+000  0.000000e+000  0.000000e+000  0.000000e+000  0.000000e+000  0.000000e+000  0.000000e+000  0.000000e+000  0.000000e+000  0.000000e+000  0.000000e+000  0.000000e+000  0.000000e+000  
0.000000e+000  0.000000e+000  -9.562917e-002  -1.172216e+000  -1.268775e+000  -7.063993e-001  -4.738333e-001  -4.090923e-001  -4.757220e-001  -7.100190e-001  -1.273482e+000  -1.176379e+000  -9.595123e-002  0.000000e+000  0.000000e+000  
0.000000e+000  -9.562903e-002  -4.388144e-001  -7.819997e-001  -8.199016e-001  -6.166982e-001  -4.670232e-001  -4.165826e-001  -4.701249e-001  -6.233577e-001  -8.305376e-001  -7.960788e-001  -4.528372e-001  -9.704000e-002  0.000000e+000  
0.000000e+000  -1.172216e+000  -7.819997e-001  -6.970669e-001  -6.121340e-001  -4.734687e-001  -3.609788e-001  -3.200900e-001  -3.648372e-001  -4.827494e-001  -6.292317e-001  -7.245611e-001  -8.222788e-001  -1.222041e+000  0.000000e+000  
0.000000e+000  -1.268775e+000  -8.199016e-001  -6.121340e-001  -4.580989e-001  -3.040638e-001  -1.833331e-001  -1.379615e-001  -1.863846e-001  -3.135709e-001  -4.790786e-001  -6.506553e-001  -8.896759e-001  -1.413043e+000  0.000000e+000  
0.000000e+000  -7.063993e-001  -6.166982e-001  -4.734687e-001  -3.040638e-001  -1.013546e-001  0.000000e+000  0.000000e+000  0.000000e+000  -1.060712e-001  -3.228563e-001  -5.093058e-001  -6.727267e-001  -7.817321e-001  0.000000e+000  
0.000000e+000  -4.738333e-001  -4.670232e-001  -3.609788e-001  -1.833331e-001  0.000000e+000  0.000000e+000  0.000000e+000  0.000000e+000  0.000000e+000  -1.969698e-001  -3.909849e-001  -5.101930e-001  -5.218949e-001  0.000000e+000  
0.000000e+000  -4.090923e-001  -4.165826e-001  -3.200900e-001  -1.379615e-001  0.000000e+000  0.000000e+000  0.000000e+000  0.000000e+000  0.000000e+000  -1.488922e-001  -3.474709e-001  -4.551654e-001  -4.497062e-001  0.000000e+000  
0.000000e+000  -4.757220e-001  -4.701249e-001  -3.648372e-001  -1.863846e-001  0.000000e+000  0.000000e+000  0.000000e+000  0.000000e+000  0.000000e+000  -2.000202e-001  -3.948413e-001  -5.132917e-001  -5.237802e-001  0.000000e+000  
0.000000e+000  -7.100190e-001  -6.233577e-001  -4.827494e-001  -3.135709e-001  -1.060712e-001  0.000000e+000  0.000000e+000  0.000000e+000  -1.107869e-001  -3.323608e-001  -5.185823e-001  -6.793800e-001  -7.853434e-001  0.000000e+000  
0.000000e+000  -1.273482e+000  -8.305376e-001  -6.292317e-001  -4.790786e-001  -3.228563e-001  -1.969698e-001  -1.488922e-001  -2.000202e-001  -3.323608e-001  -5.000540e-001  -6.677471e-001  -9.003028e-001  -1.417732e+000  0.000000e+000  
0.000000e+000  -1.176379e+000  -7.960788e-001  -7.245611e-001  -6.506553e-001  -5.093058e-001  -3.909849e-001  -3.474709e-001  -3.948413e-001  -5.185823e-001  -6.677471e-001  -7.520493e-001  -8.363516e-001  -1.226198e+000  0.000000e+000  
0.000000e+000  -9.595136e-002  -4.528372e-001  -8.222788e-001  -8.896759e-001  -6.727267e-001  -5.101930e-001  -4.551654e-001  -5.132917e-001  -6.793800e-001  -9.003028e-001  -8.363516e-001  -4.668567e-001  -9.736182e-002  0.000000e+000  
0.000000e+000  0.000000e+000  -9.703986e-002  -1.222041e+000  -1.413043e+000  -7.817321e-001  -5.218949e-001  -4.497062e-001  -5.237802e-001  -7.853434e-001  -1.417732e+000  -1.226198e+000  -9.736189e-002  0.000000e+000  0.000000e+000  
0.000000e+000  0.000000e+000  0.000000e+000  0.000000e+000  0.000000e+000  0.000000e+000  0.000000e+000  0.000000e+000  0.000000e+000  0.000000e+000  0.000000e+000  0.000000e+000  0.000000e+000  0.000000e+000  0.000000e+000  

